3764
3074
4231
3610
4080
3130
2353
3294
4678
1887
2598
1316
3673
4776
111
4022
3271
968
584
1593
2512
4340
4813
941
718
1129
1292
4908
3271
2245
3637
2733
3630
249
2658
1580
1837
4942
3871
2530
185
4015
3795
3434
1479
1714
3162
844
4479
2475
2290
224
1308
4616
2881
2068
3537
1735
917
2100
4598
3448
3422
892
1303
3915
3456
4829
2796
3956
545
1810
4262
1481
4656
4468
4853
4446
875
857
1980
2860
2496
4160
1739
2599
71
1027
4437
1561
4305
340
1404
2249
2081
4856
4845
156
4422
82
1344
1675
2620
887
2254
936
2128
1116
1328
1446
3612
3387
4440
972
471
804
775
815
4215
1221
1980
3994
2446
2916
240
3895
3086
4714
2617
4322
4573
117
3615
469
4861
91
3182
1627
226
1320
2061
3032
1694
4958
1040
2972
3298
4524
715
4288
264
4712
1243
1331
3691
621
856
40
2392
1796
4003
3570
944
707
849
4895
1737
2479
2387
2213
1546
2319
2276
2081
1902
1663
4772
2318
4042
1002
4730
3247
3688
3931
2241
2629
3456
853
3214
3670
2544
3914
1364
4455
1118
629
3181
579
361
4239
1313
3637
456
1477
3328
2445
2277
4647
4234
1835
4543
695
93
2023
1009
107
599
643
2136
3985
867
3312
311
1077
1390
3943
4838
3868
4351
1618
3019
3513
4715
3353
210
4540
3497
3462
2991
2482
3744
3912
3258
2835
4672
2416
3926
404
4411
3104
1076
2760
1005
4958
2741
725
574
2225
533
893
3244
2451
4112
2988
4783
1223
926
4105
962
1378
4910
2029
1052
3467
1913
3153
16
4823
3562
1117
2568
1843
2336
889
3176
2824
4578
12
4172
1148
498
1108
851
485
2501
2855
1123
3422
36
1829
267
3655
2999
3789
3336
3416
1985
507
67
3083
1479
2455
2207
3139
3609
4030
3494
2327
4977
1703
1944
1333
4513
4291
4809
3000
2316
712
2874
1251
624
2252
4385
1251
1301
2733
4993
429
3081
710
4934
571
4785
3905
2561
2461
241
4664
391
3856
1818
2775
568
919
822
541
124
1713
4353
3486
2148
4881
1632
4031
2748
3728
1354
3204
2623
4433
2911
3056
1047
1871
1479
722
628
1801
1329
3527
2787
3841
4146
1465
2083
2425
1769
998
4440
1390
4002
51
3624
3178
3400
1075
2250
1066
4172
2635
3674
607
3933
2316
315
224
3559
4224
1341
114
304
221
2973
997
4736
3843
1990
2456
4149
4111
2027
1082
2063
1844
3353
1140
1030
3869
2940
490
4862
4982
587
1770
1132
2649
856
2148
3634
2121
3703
1424
3216
4285
4028
986
245
868
4427
4137
3947
2758
2768
4728
4071
27
1837
60
1202
3861
4769
4763
2108
3090
3070
3362
1667
119
3758
1507
3674
1866
2928
2195
2391
4053
2128
3608
1901
3148
203
4255
664
4458
2178
3006
790
2648
997
619
3389
2946
618
497
963
3846
3361
1802
3338
4544
1313
4882
3293
4712
3413
4471
4181
222
1761
3033
4653
2538
862
158
634
4981
2278
2123
2667
2119
422
428
1041
913
1664
2909
3991
2108
4425
3063
1296
1473
3029
3712
898
1047
4136
1463
4915
3861
4610
386
1173
851
447
681
911
4077
1464
2689
1234
1943
564
2839
2457
1859
3307
910
2599
155
1433
3694
2837
897
3450
2184
476
4101
3004
1353
2014
3238
4952
22
2600
4648
4724
3893
1669
1878
2439
751
3706
601
4129
4993
705
1699
2565
2552
61
4357
3628
3718
1465
434
720
4380
2531
1519
4726
399
4259
4884
3488
4841
417
2184
3442
4953
3881
3003
3303
2382
2431
3438
4166
1531
3463
2614
2715
2738
1426
3643
508
4194
1123
2739
2921
3211
1064
1011
4550
3282
1024
900
4581
1328
2528
1691
4472
1798
1684
4129
4722
2187
4994
468
3855
2303
69
2457
277
1423
1614
957
2637
3133
1826
1315
2223
2701
1024
2487
2209
3235
4280
3481
4866
1386
2680
4961
2359
3544
3535
2811
1758
275
3958
2343
4518
1974
668
3861
3379
3464
4335
2713
1765
40
1807
116
4802
3518
50
2822
793
3774
4158
1531
2983
4894
2612
3943
54
266
3947
1616
2636
2798
1292
1119
2481
654
3531
3431
3788
3117
2507
3892
545
827
3026
296
1245
958
719
3266
3711
4893
4221
615
1029
4842
4637
4263
4702
1377
912
2883
2446
2255
394
2395
3858
2013
1121
3040
1401
204
4295
2057
264
2597
781
3476
1618
2569
4651
1808
2617
921
4339
1071
992
4507
1588
4636
2746
3295
494
4594
406
4839
4921
4782
4709
4969
247
3061
2278
371
3805
4996
2527
944
1290
3027
1683
3118
4414
1620
3079
757
1941
2171
1809
2276
4286
4813
2912
2102
333
2293
2842
2886
2748
3325
2919
3472
330
2523
4305
4073
4510
3684
1316
4477
3529
2281
4074
519
2045
2323
1137
4087
241
4157
2081
2730
2044
2250
2297
1628
3499
3049
3100
4786
4478
3667
1253
4782
2693
2109
4248
679
488
4558
1176
1897
24
517
4405
3241
238
902
3362
359
2060
2173
1939
4172
1324
1629
4715
1078
971
4094
2402
4934
2296
4529
4566
3725
3411
2106
419
4753
569
3624
3238
1896
2160
1878
4235
1746
4590
3031
3878
1164
746
4192
1779
4594
3913
504
426
3365
2607
1873
3682
1693
3157
491
724
1406
2213
1679
2772
3860
2399
2285
1553
4831
9
1049
1268
4043
2905
920
1198
2385
4157
3380
4302
4814
4483
3764
4981
1761
2776
1420
3533
3935
4447
2132
325
3174
3193
2233
4680
2199
32
1463
4182
361
254
2839
4601
2657
1328
732
4913
381
4405
3630
4817
4690
4914
4223
2310
4839
3509
1383
3378
2054
4988
4823
2481
2243
3132
1907
1430
3052
1784
251
2018
2725
1250
3208
1477
1644
1315
1561
4228
620
1815
479
4334
1690
411
997
1174
3260
357
2803
3935
4998
4173
3712
